qlearning
action:[[1, 1, 2, 2], [2, 2, 3, 3], [1, 1, 1, 0], [1, 2, 3, 1], [3, 2, 2, 2], [4, 3, 2, 3]] reward:-0.16343585437272712
action:[[1, 3, 2, 2], [1, 3, 1, 3], [4, 2, 3, 0], [3, 2, 1, 1], [2, 1, 1, 0], [2, 3, 1, 0]] reward:-0.16416637762149974
DQN
actions:[[2, 3, 3, 2], [1, 1, 1, 1], [1, 1, 1, 0], [2, 2, 4, 0], [1, 3, 2, 0], [-1, -1, -1, -1]] reward:-0.15686159588717444

